Candidates Scala Akka JAAC
100000 426 357 451 460
200000 1100 912 1259 1222
300000 2008 1841 2236 2234
400000 3358 2925 3593 3390
500000 4724 4173 5219 5055
600000 6699 6218 6759 6466
700000 8045 7960 8605 8721
800000 10373 10079 11066 10611
900000 13864 12440 13330 13167
1000000 16613 14688 16330 15898
2000000 59821 56282 58832 56279
3000000 118342 119231 117846 114879
4000000 202021 200300 192298 194217
5000000 306605 305437 303750 291555
6000000 442272 442561 396936 417634
7000000 575223 564093 540998 538995
8000000 741529 720456 676782 695450
9000000 980310 934512 841829  874257
10000000 x 1036494 x 1047373
Total primes = 78498
19093
56279
Total primes = 148933
114879
Total primes = 216816
194217
Total primes = 283146
291555
Total primes = 348513
417634
Total primes = 412849
538995
Total primes = 476648
695450
Total primes = 539777
874257
Total primes = 602489
1047373
Total primes = 664579